# name: debug
# type: sparse matrix
# nnz: 900
# rows: 30
# columns: 30

1 1 1562791.51
2 1 137305.915
3 1 -317046.972
4 1 3749487.37
5 1 21326960.6
6 1 -5506299.97
7 1 -220202.404
8 1 6396.93981
9 1 -4570.67844
10 1 -659176.159
11 1 -2681787.68
12 1 800457.954
13 1 -184188.423
14 1 -90127.0178
15 1 -7377.44455
16 1 546047.988
17 1 -2054301.52
18 1 668425.794
19 1 -66108.7689
20 1 -60106.25
21 1 2769.41181
22 1 388650.072
23 1 -743852.431
24 1 320711.173
25 1 -47057.3504
26 1 -4242.76072
27 1 6652.6775
28 1 -35649.7982
29 1 -550996.933
30 1 135125.294
1 2 137305.915
2 2 1608412.94
3 2 211244.172
4 2 -20015024
5 2 7289092.43
6 2 -3745054.95
7 2 -45853.2654
8 2 -232716.08
9 2 -37242.5857
10 2 2817774.57
11 2 -1069296.94
12 2 430622.658
13 2 -83165.7685
14 2 -146255.903
15 2 -40315.0253
16 2 1397580.83
17 2 -1125587.54
18 2 381865.677
19 2 -44158.255
20 2 -80091.6373
21 2 -34499.2477
22 2 622009.143
23 2 -586231.99
24 2 160453.789
25 2 -1984.31101
26 2 -29190.7541
27 2 -17581.3317
28 2 347693.58
29 2 -130857.868
30 2 35209.5863
1 3 -317046.972
2 3 211244.172
3 3 377296.959
4 3 -4045455.54
5 3 -4576242.1
6 3 470676.765
7 3 -121.763342
8 3 -40142.2537
9 3 -20450.3213
10 3 537188.741
11 3 -100263.161
12 3 53769.1783
13 3 -6345.02772
14 3 -40480.2257
15 3 -18256.9378
16 3 429905.925
17 3 -153166.625
18 3 61695.5631
19 3 201.890986
20 3 -34064.4984
21 3 -14579.2402
22 3 313835.559
23 3 -61523.3965
24 3 35253.1908
25 3 5116.08036
26 3 -16661.5361
27 3 -8799.73348
28 3 203846.203
29 3 1314.7938
30 3 -7474.89055
1 4 3749487.37
2 4 -20015024
3 4 -4045455.54
4 4 281555661
5 4 -19072949
6 4 28901009.2
7 4 -129960.052
8 4 3140929.73
9 4 516901.268
10 4 -41325024.2
11 4 5790555.21
12 4 -2725081.55
13 4 408291.465
14 4 1593632.33
15 4 509422.616
16 4 -17780988.4
17 4 7753167.11
18 4 -2348667.62
19 4 317093.646
20 4 904289.827
21 4 484087.543
22 4 -8500756.44
23 4 5136350.58
24 4 -996854.707
25 4 -133414.71
26 4 469995.18
27 4 310542.414
28 4 -6828471.69
29 4 259540.749
30 4 -121468.182
1 5 21326960.6
2 5 7289092.43
3 5 -4576242.1
4 5 -19072949
5 5 333112894
6 5 -81771838.5
7 5 -3189248.72
8 5 -440374.659
9 5 -133980.825
10 5 -2793911.37
11 5 -41224846.3
12 5 12030540.9
13 5 -2662567.36
14 5 -1492325.89
15 5 -183397.107
16 5 10167151.4
17 5 -31241419.4
18 5 9323209.61
19 5 -1023316.53
20 5 -1010261.5
21 5 -30821.7573
22 5 6989015.71
23 5 -12023773.6
24 5 4785090.25
25 5 -757191.908
26 5 -195958.417
27 5 38987.0402
28 5 922248.082
29 5 -9835041.56
30 5 2112662.7
1 6 -5506299.97
2 6 -3745054.95
3 6 470676.765
4 6 28901009.2
5 6 -81771838.5
6 6 65798381.2
7 6 697374.853
8 6 1062099.52
9 6 210937.3
10 6 -12376641.1
11 6 10631907.2
12 6 -5794350.78
13 6 916470.725
14 6 1081684.19
15 6 267834.71
16 6 -10796234
17 6 11214922
18 6 -5201421.57
19 6 441782.498
20 6 499941.444
21 6 148179.282
22 6 -4227415.34
23 6 5494520.99
24 6 -3185721.66
25 6 163077.791
26 6 208334.723
27 6 76184.1657
28 6 -2582619.63
29 6 2612976.65
30 6 -1334791.5
1 7 -220202.404
2 7 -45853.2654
3 7 -121.763342
4 7 -129960.052
5 7 -3189248.72
6 7 697374.853
7 7 2144287.79
8 7 368893.79
9 7 -42500.4352
10 7 1075346.75
11 7 25260872
12 7 -8362765.91
13 7 -417083.615
14 7 33036.0547
15 7 -31941.6338
16 7 -1265973.61
17 7 -4575812.05
18 7 985639.184
19 7 -798108.343
20 7 -251509.533
21 7 -50965.3711
22 7 155482.151
23 7 -7244758.57
24 7 3002647.5
25 7 -136960.426
26 7 11466.0081
27 7 8399.41079
28 7 -483928.754
29 7 -1537346.21
30 7 367915.416
1 8 6396.93981
2 8 -232716.08
3 8 -40142.2537
4 8 3140929.73
5 8 -440374.659
6 8 1062099.52
7 8 368893.79
8 8 1780241.94
9 8 425355.907
10 8 -20507433.7
11 8 7711877.37
12 8 -3572832.43
13 8 -12613.1819
14 8 -449348.56
15 8 -100101.674
16 8 4984548.78
17 8 -1258597.6
18 8 871315.578
19 8 -306118.747
20 8 -306692.587
21 8 -61450.8269
22 8 2058848.06
23 8 -3077354.97
24 8 1495183.3
25 8 2817.80329
26 8 -69819.4857
27 8 -35377.2488
28 8 759583.992
29 8 -173974.592
30 8 -19874.8288
1 9 -4570.67844
2 9 -37242.5857
3 9 -20450.3213
4 9 516901.268
5 9 -133980.825
6 9 210937.3
7 9 -42500.4352
8 9 425355.907
9 9 255667.913
10 9 -5228596.8
11 9 754201.801
12 9 -687992.743
13 9 -25427.0602
14 9 -102901.238
15 9 -60311.4241
16 9 1157559.44
17 9 -551962.793
18 9 426752.026
19 9 -46646.5367
20 9 -64852.338
21 9 -27805.2111
22 9 490615.331
23 9 -480803.447
24 9 255679.271
25 9 8197.61544
26 9 -36563.3233
27 9 -16901.6413
28 9 399464.083
29 9 -14782.9673
30 9 -41073.9442
1 10 -659176.159
2 10 2817774.57
3 10 537188.741
4 10 -41325024.2
5 10 -2793911.37
6 10 -12376641.1
7 10 1075346.75
8 10 -20507433.7
9 10 -5228596.8
10 10 268396461
11 10 -30594237.7
12 10 23352671.1
13 10 -795725.467
14 10 5807886.12
15 10 1268698.72
16 10 -69764380.9
17 10 6235691.06
18 10 -6400850.03
19 10 1686246.3
20 10 3197702.87
21 10 666524.678
22 10 -27216373.6
23 10 19847670.2
24 10 -10356541.4
25 10 -402553.929
26 10 1056435
27 10 525178.05
28 10 -13889758.2
29 10 -1436082.87
30 10 891738.768
1 11 -2681787.68
2 11 -1069296.94
3 11 -100263.161
4 11 5790555.21
5 11 -41224846.3
6 11 10631907.2
7 11 25260872
8 11 7711877.37
9 11 754201.801
10 11 -30594237.7
11 11 325421179
12 11 -104433516
13 11 -5364050.54
14 11 -609013.417
15 11 -606388.572
16 11 -4832102.96
17 11 -64977806.5
18 11 13870986.9
19 11 -9410433.76
20 11 -3181987.64
21 11 -627362.54
22 11 4002765.41
23 11 -88867062.8
24 11 34476019.3
25 11 -1931852.11
26 11 -68121.5306
27 11 5390.89882
28 11 -4640490.07
29 11 -24441639
30 11 4794298.7
1 12 800457.954
2 12 430622.658
3 12 53769.1783
4 12 -2725081.55
5 12 12030540.9
6 12 -5794350.78
7 12 -8362765.91
8 12 -3572832.43
9 12 -687992.743
10 12 23352671.1
11 12 -104433516
12 12 60960236.4
13 12 1322450.42
14 12 1243534.89
15 12 600126.45
16 12 -9696558.08
17 12 17891530.4
18 12 -13515893.6
19 12 4273539
20 12 1546459.62
21 12 303658.821
22 12 -2321019.34
23 12 38645811.7
24 12 -18479859.2
25 12 666878.155
26 12 -67701.5656
27 12 -67912.8067
28 12 2345104.74
29 12 7793849.33
30 12 -2932449.41
1 13 -184188.423
2 13 -83165.7685
3 13 -6345.02772
4 13 408291.465
5 13 -2662567.36
6 13 916470.725
7 13 -417083.615
8 13 -12613.1819
9 13 -25427.0602
10 13 -795725.467
11 13 -5364050.54
12 13 1322450.42
13 13 1688536.21
14 13 231139.799
15 13 -49419.711
16 13 354502.857
17 13 18573773.1
18 13 -5329337.28
19 13 -411926.458
20 13 -26497.5132
21 13 2808.13902
22 13 -881265.47
23 13 -4515334.42
24 13 790315.973
25 13 -251028.947
26 13 44402.1715
27 13 33984.02
28 13 -1123948.69
29 13 -2742986.83
30 13 362090.735
1 14 -90127.0178
2 14 -146255.903
3 14 -40480.2257
4 14 1593632.33
5 14 -1492325.89
6 14 1081684.19
7 14 33036.0547
8 14 -449348.56
9 14 -102901.238
10 14 5807886.12
11 14 -609013.417
12 14 1243534.89
13 14 231139.799
14 14 1412446.32
15 14 395893.298
16 14 -15822867.1
17 14 6708125.14
18 14 -1702859.91
19 14 -40715.8207
20 14 -274404.946
21 14 -52195.7934
22 14 2905198.62
23 14 -1195387.82
24 14 514921.319
25 14 43465.4074
26 14 -237491.637
27 14 -95317.0446
28 14 2597502.57
29 14 -246220.735
30 14 -157764.024
1 15 -7377.44455
2 15 -40315.0253
3 15 -18256.9378
4 15 509422.616
5 15 -183397.107
6 15 267834.71
7 15 -31941.6338
8 15 -100101.674
9 15 -60311.4241
10 15 1268698.72
11 15 -606388.572
12 15 600126.45
13 15 -49419.711
14 15 395893.298
15 15 237104.187
16 15 -4319399.2
17 15 1115513.9
18 15 -321082.846
19 15 5006.84178
20 15 -57842.8449
21 15 -41244.0575
22 15 702167.284
23 15 -152729.776
24 15 111093.414
25 15 33286.4476
26 15 -95974.751
27 15 -61136.8887
28 15 1073260.8
29 15 53590.2734
30 15 -97259.4266
1 16 546047.988
2 16 1397580.83
3 16 429905.925
4 16 -17780988.4
5 16 10167151.4
6 16 -10796234
7 16 -1265973.61
8 16 4984548.78
9 16 1157559.44
10 16 -69764380.9
11 16 -4832102.96
12 16 -9696558.08
13 16 354502.857
14 16 -15822867.1
15 16 -4319399.2
16 16 195325379
17 16 -32379457.5
18 16 3106165.59
19 16 -517639.511
20 16 3361881.95
21 16 739431.7
22 16 -40079070.2
23 16 3834590.47
24 16 -4776952.36
25 16 -1089762.23
26 16 2926194.65
27 16 1209607.09
28 16 -37690721.3
29 16 -3651896.23
30 16 1849782.61
1 17 -2054301.52
2 17 -1125587.54
3 17 -153166.625
4 17 7753167.11
5 17 -31241419.4
6 17 11214922
7 17 -4575812.05
8 17 -1258597.6
9 17 -551962.793
10 17 6235691.06
11 17 -64977806.5
12 17 17891530.4
13 17 18573773.1
14 17 6708125.14
15 17 1115513.9
16 17 -32379457.5
17 17 236861157
18 17 -59767874.1
19 17 -5028515.12
20 17 -1068129.93
21 17 -144586.214
22 17 -2837689.11
23 17 -59761430.2
24 17 10513891.7
25 17 -3039244.13
26 17 -224891.159
27 17 75576.112
28 17 -6623988.57
29 17 -39595382.6
30 17 4318110
1 18 668425.794
2 18 381865.677
3 18 61695.5631
4 18 -2348667.62
5 18 9323209.61
6 18 -5201421.57
7 18 985639.184
8 18 871315.578
9 18 426752.026
10 18 -6400850.03
11 18 13870986.9
12 18 -13515893.6
13 18 -5329337.28
14 18 -1702859.91
15 18 -321082.846
16 18 3106165.59
17 18 -59767874.1
18 18 39279221.8
19 18 1324739.08
20 18 -42768.9006
21 18 -7934.87592
22 18 4834595.12
23 18 14399678.8
24 18 -5937642.58
25 18 854980.711
26 18 -660623.494
27 18 -317939.709
28 18 9795938.2
29 18 9057322.85
30 18 -4785102.32
1 19 -66108.7689
2 19 -44158.255
3 19 201.890986
4 19 317093.646
5 19 -1023316.53
6 19 441782.498
7 19 -798108.343
8 19 -306118.747
9 19 -46646.5367
10 19 1686246.3
11 19 -9410433.76
12 19 4273539
13 19 -411926.458
14 19 -40715.8207
15 19 5006.84178
16 19 -517639.511
17 19 -5028515.12
18 19 1324739.08
19 19 2015802.38
20 19 341750.051
21 19 -33187.0238
22 19 1738264.87
23 19 20410333.9
24 19 -5143321.97
25 19 -497736.832
26 19 35626.8089
27 19 108.772295
28 19 -1856382.85
29 19 -5645781.09
30 19 202412.787
1 20 -60106.25
2 20 -80091.6373
3 20 -34064.4984
4 20 904289.827
5 20 -1010261.5
6 20 499941.444
7 20 -251509.533
8 20 -306692.587
9 20 -64852.338
10 20 3197702.87
11 20 -3181987.64
12 20 1546459.62
13 20 -26497.5132
14 20 -274404.946
15 20 -57842.8449
16 20 3361881.95
17 20 -1068129.93
18 20 -42768.9006
19 20 341750.051
20 20 1433829.81
21 20 379793.621
22 20 -13230287.1
23 20 6636548.77
24 20 -2211229.84
25 20 25203.2708
26 20 -517524.968
27 20 -104838.763
28 20 6063430.57
29 20 -1133942.92
30 20 235010.067
1 21 2769.41181
2 21 -34499.2477
3 21 -14579.2402
4 21 484087.543
5 21 -30821.7573
6 21 148179.282
7 21 -50965.3711
8 21 -61450.8269
9 21 -27805.2111
10 21 666524.678
11 21 -627362.54
12 21 303658.821
13 21 2808.13902
14 21 -52195.7934
15 21 -41244.0575
16 21 739431.7
17 21 -144586.214
18 21 -7934.87592
19 21 -33187.0238
20 21 379793.621
21 21 253177.016
22 21 -3597553.96
23 21 726302.92
24 21 -204557.671
25 21 2425.18549
26 21 -108067.711
27 21 -94432.9819
28 21 1405937.43
29 21 -258959.4
30 21 17191.2303
1 22 388650.072
2 22 622009.143
3 22 313835.559
4 22 -8500756.44
5 22 6989015.71
6 22 -4227415.34
7 22 155482.151
8 22 2058848.06
9 22 490615.331
10 22 -27216373.6
11 22 4002765.41
12 22 -2321019.34
13 22 -881265.47
14 22 2905198.62
15 22 702167.284
16 22 -40079070.2
17 22 -2837689.11
18 22 4834595.12
19 22 1738264.87
20 22 -13230287.1
21 22 -3597553.96
22 22 157135499
23 22 -13094594.2
24 22 9586422.49
25 22 -1751146.97
26 22 6156185.02
27 22 1377031.46
28 22 -82891079.9
29 22 -3885170.71
30 22 -1938398.48
1 23 -743852.431
2 23 -586231.99
3 23 -61523.3965
4 23 5136350.58
5 23 -12023773.6
6 23 5494520.99
7 23 -7244758.57
8 23 -3077354.97
9 23 -480803.447
10 23 19847670.2
11 23 -88867062.8
12 23 38645811.7
13 23 -4515334.42
14 23 -1195387.82
15 23 -152729.776
16 23 3834590.47
17 23 -59761430.2
18 23 14399678.8
19 23 20410333.9
20 23 6636548.77
21 23 726302.92
22 23 -13094594.2
23 23 233196725
24 23 -50279711.3
25 23 -5711335.77
26 23 -1023352.87
27 23 -270126.575
28 23 -5377400.67
29 23 -75247255.8
30 23 2764108.78
1 24 320711.173
2 24 160453.789
3 24 35253.1908
4 24 -996854.707
5 24 4785090.25
6 24 -3185721.66
7 24 3002647.5
8 24 1495183.3
9 24 255679.271
10 24 -10356541.4
11 24 34476019.3
12 24 -18479859.2
13 24 790315.973
14 24 514921.319
15 24 111093.414
16 24 -4776952.36
17 24 10513891.7
18 24 -5937642.58
19 24 -5143321.97
20 24 -2211229.84
21 24 -204557.671
22 24 9586422.49
23 24 -50279711.3
24 24 34277563.9
25 24 248892.506
26 24 76931.3095
27 24 -10075.131
28 24 155173.122
29 24 2942353.47
30 24 -8058318.34
1 25 -47057.3504
2 25 -1984.31101
3 25 5116.08036
4 25 -133414.71
5 25 -757191.908
6 25 163077.791
7 25 -136960.426
8 25 2817.80329
9 25 8197.61544
10 25 -402553.929
11 25 -1931852.11
12 25 666878.155
13 25 -251028.947
14 25 43465.4074
15 25 33286.4476
16 25 -1089762.23
17 25 -3039244.13
18 25 854980.711
19 25 -497736.832
20 25 25203.2708
21 25 2425.18549
22 25 -1751146.97
23 25 -5711335.77
24 25 248892.506
25 25 1063218.65
26 25 -58030.6352
27 25 -75016.0336
28 25 3426037.08
29 25 12024688.9
30 25 -1334979.91
1 26 -4242.76072
2 26 -29190.7541
3 26 -16661.5361
4 26 469995.18
5 26 -195958.417
6 26 208334.723
7 26 11466.0081
8 26 -69819.4857
9 26 -36563.3233
10 26 1056435
11 26 -68121.5306
12 26 -67701.5656
13 26 44402.1715
14 26 -237491.637
15 26 -95974.751
16 26 2926194.65
17 26 -224891.159
18 26 -660623.494
19 26 35626.8089
20 26 -517524.968
21 26 -108067.711
22 26 6156185.02
23 26 -1023352.87
24 26 76931.3095
25 26 -58030.6352
26 26 927443.802
27 26 286251.166
28 26 -10472190
29 26 2071456.93
30 26 -38486.7787
1 27 6652.6775
2 27 -17581.3317
3 27 -8799.73348
4 27 310542.414
5 27 38987.0402
6 27 76184.1657
7 27 8399.41079
8 27 -35377.2488
9 27 -16901.6413
10 27 525178.05
11 27 5390.89882
12 27 -67912.8067
13 27 33984.02
14 27 -95317.0446
15 27 -61136.8887
16 27 1209607.09
17 27 75576.112
18 27 -317939.709
19 27 108.772295
20 27 -104838.763
21 27 -94432.9819
22 27 1377031.46
23 27 -270126.575
24 27 -10075.131
25 27 -75016.0336
26 27 286251.166
27 27 202859.699
28 27 -3433136.2
29 27 35043.1947
30 27 203542.116
1 28 -35649.7982
2 28 347693.58
3 28 203846.203
4 28 -6828471.69
5 28 922248.082
6 28 -2582619.63
7 28 -483928.754
8 28 759583.992
9 28 399464.083
10 28 -13889758.2
11 28 -4640490.07
12 28 2345104.74
13 28 -1123948.69
14 28 2597502.57
15 28 1073260.8
16 28 -37690721.3
17 28 -6623988.57
18 28 9795938.2
19 28 -1856382.85
20 28 6063430.57
21 28 1405937.43
22 28 -82891079.9
23 28 -5377400.67
24 28 155173.122
25 28 3426037.08
26 28 -10472190
27 28 -3433136.2
28 28 141117553
29 28 9386638.41
30 28 -1918867.29
1 29 -550996.933
2 29 -130857.868
3 29 1314.7938
4 29 259540.749
5 29 -9835041.56
6 29 2612976.65
7 29 -1537346.21
8 29 -173974.592
9 29 -14782.9673
10 29 -1436082.87
11 29 -24441639
12 29 7793849.33
13 29 -2742986.83
14 29 -246220.735
15 29 53590.2734
16 29 -3651896.23
17 29 -39595382.6
18 29 9057322.85
19 29 -5645781.09
20 29 -1133942.92
21 29 -258959.4
22 29 -3885170.71
23 29 -75247255.8
24 29 2942353.47
25 29 12024688.9
26 29 2071456.93
27 29 35043.1947
28 29 9386638.41
29 29 158967416
30 29 -16019446.9
1 30 135125.294
2 30 35209.5863
3 30 -7474.89055
4 30 -121468.182
5 30 2112662.7
6 30 -1334791.5
7 30 367915.416
8 30 -19874.8288
9 30 -41073.9442
10 30 891738.768
11 30 4794298.7
12 30 -2932449.41
13 30 362090.735
14 30 -157764.024
15 30 -97259.4266
16 30 1849782.61
17 30 4318110
18 30 -4785102.32
19 30 202412.787
20 30 235010.067
21 30 17191.2303
22 30 -1938398.48
23 30 2764108.78
24 30 -8058318.34
25 30 -1334979.91
26 30 -38486.7787
27 30 203542.116
28 30 -1918867.29
29 30 -16019446.9
30 30 17283691
