# name: debug
# type: sparse matrix
# nnz: 1296
# rows: 36
# columns: 36

1 1 6982.1033
2 1 2682.68917
3 1 374.132286
4 1 31470.9787
5 1 43718.6721
6 1 -12814.6958
7 1 -2893.33931
8 1 -973.591702
9 1 518.098297
10 1 -6908.93016
11 1 -23858.2255
12 1 6600.5095
13 1 -449.892112
14 1 -186.207121
15 1 144.220517
16 1 -2616.46271
17 1 -5844.94426
18 1 1929.78984
19 1 -90.5808817
20 1 273.527694
21 1 56.1433297
22 1 -5059.30338
23 1 2060.77881
24 1 897.588242
25 1 -88.8459963
26 1 131.464517
27 1 22.8166691
28 1 -2520.86332
29 1 451.464485
30 1 647.934995
31 1 -57.0033401
32 1 65.4210811
33 1 43.3438861
34 1 -2712.27587
35 1 317.914164
36 1 251.633696
1 2 2682.68917
2 2 4180.40551
3 2 637.789585
4 2 -44040.081
5 2 53572.036
6 2 9866.54704
7 2 -1428.82179
8 2 -4316.43953
9 2 -219.657468
10 2 22074.2368
11 2 -35404.831
12 2 5264.56359
13 2 -249.019996
14 2 -877.611497
15 2 112.533625
16 2 5839.31332
17 2 -10662.8127
18 2 546.865834
19 2 308.603778
20 2 52.1519351
21 2 -73.437723
22 2 1965.42922
23 2 2092.25261
24 2 -2842.12449
25 2 181.54231
26 2 -111.196552
27 2 -50.2708725
28 2 2759.983
29 2 -238.099601
30 2 -2117.4004
31 2 60.5863691
32 2 -20.4758024
33 2 -18.0210208
34 2 935.624654
35 2 -4.12752694
36 2 -863.637905
1 3 374.132286
2 3 637.789585
3 3 2132.43898
4 3 -37358.969
5 3 6509.16291
6 3 6889.32581
7 3 507.979657
8 3 -296.185276
9 3 -1102.5558
10 3 9655.16279
11 3 -439.040201
12 3 -4111.57177
13 3 162.796058
14 3 142.640464
15 3 -164.622294
16 3 2661.18848
17 3 1361.30309
18 3 -1771.4283
19 3 2.52754527
20 3 -106.290042
21 3 -78.4036008
22 3 3480.65125
23 3 -1433.83138
24 3 172.835164
25 3 4.67995983
26 3 -45.0265492
27 3 -57.7470566
28 3 2018.20241
29 3 -939.176537
30 3 -195.201301
31 3 13.0683169
32 3 -29.5952473
33 3 -81.1399775
34 3 2651.8753
35 3 -844.609614
36 3 -103.217931
1 4 31470.9787
2 4 -44040.081
3 4 -37358.969
4 4 1709188.41
5 4 -229598.337
6 4 -29841.9494
7 4 -4688.5941
8 4 23804.2137
9 4 9369.02696
10 4 -413052.854
11 4 211035.545
12 4 -6610.96038
13 4 -1639.18033
14 4 6970.96775
15 4 2923.5777
16 4 -174147.24
17 4 68000.7284
18 4 9236.51453
19 4 -5042.67918
20 4 2364.10264
21 4 3836.17137
22 4 -179555.895
23 4 4275.46268
24 4 36293.7636
25 4 -3037.26764
26 4 2656.62846
27 4 2309.331
28 4 -107148.627
29 4 21907.1766
30 4 34364.0286
31 4 -2087.12223
32 4 1365.25135
33 4 2961.12266
34 4 -123115.851
35 4 16518.9871
36 4 17060.7128
1 5 43718.6721
2 5 53572.036
3 5 6509.16291
4 5 -229598.337
5 5 1432723.6
6 5 129034.245
7 5 -25709.3712
8 5 -33680.9549
9 5 63.4480666
10 5 171710.628
11 5 -700476.198
12 5 89823.1325
13 5 -7116.80951
14 5 -10994.5569
15 5 1580.47399
16 5 36187.0408
17 5 -203167.613
18 5 -9560.52719
19 5 2296.11086
20 5 2418.16652
21 5 -143.139938
22 5 -31560.2781
23 5 26558.1859
24 5 -20770.249
25 5 983.640611
26 5 -527.554102
27 5 -650.837093
28 5 18353.9045
29 5 -12563.1297
30 5 -22836.8754
31 5 -59.9653102
32 5 181.559265
33 5 132.417707
34 5 -17621.637
35 5 -4275.56669
36 5 -10361.8932
1 6 -12814.6958
2 6 9866.54704
3 6 6889.32581
4 6 -29841.9494
5 6 129034.245
6 6 544872.981
7 6 6858.90787
8 6 3693.73356
9 6 -3982.09458
10 6 11243.2629
11 6 89995.819
12 6 -207865.529
13 6 2111.40903
14 6 433.191593
15 6 -1257.16324
16 6 -4229.27246
17 6 -11286.6814
18 6 -64463.9982
19 6 667.295362
20 6 -2767.27934
21 6 676.335343
22 6 6605.44961
23 6 -14484.8768
24 6 -16753.0926
25 6 625.068061
26 6 -1570.96364
27 6 -75.3597049
28 6 17990.1902
29 6 -13236.9989
30 6 -18340.3254
31 6 49.3234708
32 6 -792.274768
33 6 471.468573
34 6 -5473.24836
35 6 -6845.13936
36 6 -8675.19362
1 7 -2893.33931
2 7 -1428.82179
3 7 507.979657
4 7 -4688.5941
5 7 -25709.3712
6 7 6858.90787
7 7 36861.8321
8 7 -56748.0341
9 7 -3982.13967
10 7 65031.4719
11 7 72505.039
12 7 -26830.4617
13 7 -1288.04117
14 7 407.386962
15 7 309.042002
16 7 -14108.1127
17 7 -8156.20701
18 7 7494.43016
19 7 -89.8224889
20 7 353.720695
21 7 57.3383876
22 7 -5908.06261
23 7 3015.38923
24 7 1113.98876
25 7 -347.417952
26 7 808.631668
27 7 92.2605252
28 7 -10563.6502
29 7 4644.59218
30 7 3265.87359
31 7 -96.1070839
32 7 194.371985
33 7 50.5722402
34 7 -4785.78266
35 7 1665.0411
36 7 1028.27011
1 8 -973.591702
2 8 -4316.43953
3 8 -296.185276
4 8 23804.2137
5 8 -33680.9549
6 8 3693.73356
7 8 -56748.0341
8 8 166264.319
9 8 1888.44408
10 8 -14433.9618
11 8 -7909.49238
12 8 -4653.80927
13 8 340.88036
14 8 -2277.36664
15 8 37.4883071
16 8 23473.0374
17 8 -18300.8825
18 8 -1825.87362
19 8 325.599236
20 8 -19.707408
21 8 -74.6983001
22 8 2800.48466
23 8 1506.2745
24 8 -3123.71805
25 8 900.807656
26 8 -838.390139
27 8 -138.156957
28 8 14282.947
29 8 -2042.46838
30 8 -8429.64456
31 8 167.906755
32 8 -86.293231
33 8 -40.7202129
34 8 2921.28469
35 8 -24.8457103
36 8 -2337.37265
1 9 518.098297
2 9 -219.657468
3 9 -1102.5558
4 9 9369.02696
5 9 63.4480666
6 9 -3982.09458
7 9 -3982.13967
8 9 1888.44408
9 9 3303.50702
10 9 -52614.9118
11 9 10016.6935
12 9 12947.1086
13 9 340.332272
14 9 86.670345
15 9 -213.174599
16 9 4344.92998
17 9 2514.69026
18 9 -3218.43232
19 9 -0.601697103
20 9 -128.15778
21 9 -81.6502414
22 9 3732.77344
23 9 -1802.17567
24 9 38.2927465
25 9 44.9672767
26 9 -163.560526
27 9 -63.8025428
28 9 3391.25147
29 9 -1838.68064
30 9 -600.236799
31 9 12.9133861
32 9 -65.6555802
33 9 -82.9690511
34 9 3144.27194
35 9 -1351.27252
36 9 -246.582573
1 10 -6908.93016
2 10 22074.2368
3 10 9655.16279
4 10 -413052.854
5 10 171710.628
6 10 11243.2629
7 10 65031.4719
8 10 -14433.9618
9 10 -52614.9118
10 10 2741129.78
11 10 -528300.649
12 10 -243653.851
13 10 -13749.0021
14 10 25641.6543
15 10 4854.7973
16 10 -481447.995
17 10 103316.485
18 10 36647.1618
19 10 -5137.60318
20 10 3956.22107
21 10 4013.47241
22 10 -193083.224
23 10 27184.4986
24 10 47194.9795
25 10 -12009.1526
26 10 15034.1885
27 10 3749.3335
28 10 -292021.423
29 10 79456.393
30 10 123584.587
31 10 -3985.04927
32 10 3928.85713
33 10 3452.03451
34 10 -179991.024
35 10 37942.4235
36 10 49872.8734
1 11 -23858.2255
2 11 -35404.831
3 11 -439.040201
4 11 211035.545
5 11 -700476.198
6 11 89995.819
7 11 72505.039
8 11 -7909.49238
9 11 10016.6935
10 11 -528300.649
11 11 1815155.69
12 11 225548.39
13 11 -9443.63935
14 11 -19360.1967
15 11 2523.94069
16 11 69502.8921
17 11 -335947.647
18 11 -11209.5217
19 11 2567.04289
20 11 2288.12711
21 11 -139.836634
22 11 -26962.9801
23 11 30072.575
24 11 -21807.1362
25 11 5863.31366
26 11 -2903.09254
27 11 -1184.73017
28 11 76450.9385
29 11 -2585.61814
30 11 -67377.477
31 11 1038.49424
32 11 487.711809
33 11 -96.9506338
34 11 -9805.98493
35 11 8302.87497
36 11 -23074.1044
1 12 6600.5095
2 12 5264.56359
3 12 -4111.57177
4 12 -6610.96038
5 12 89823.1325
6 12 -207865.529
7 12 -26830.4617
8 12 -4653.80927
9 12 12947.1086
10 12 -243653.851
11 12 225548.39
12 12 778980.786
13 12 8289.42666
14 12 -2315.4011
15 12 -2652.31117
16 12 18815.7363
17 12 -12174.1937
18 12 -158286.137
19 12 784.05658
20 12 -3706.93225
21 12 731.226797
22 12 19372.6533
23 12 -22912.0356
24 12 -16322.1131
25 12 3402.99274
26 12 -8172.55132
27 12 -677.89882
28 12 102723.089
29 12 -55822.5764
30 12 -48209.6484
31 12 754.552667
32 12 -2618.25361
33 12 406.447147
34 12 25151.5832
35 12 -23826.1518
36 12 -19905.9178
1 13 -449.892112
2 13 -249.019996
3 13 162.796058
4 13 -1639.18033
5 13 -7116.80951
6 13 2111.40903
7 13 -1288.04117
8 13 340.88036
9 13 340.332272
10 13 -13749.0021
11 13 -9443.63935
12 13 8289.42666
13 13 25180.0035
14 13 -11672.3887
15 13 -5514.79868
16 13 141412.81
17 13 72839.5661
18 13 -89223.0734
19 13 -6996.76007
20 13 4252.35575
21 13 854.94024
22 13 -42394.6016
23 13 -10942.473
24 13 25188.0791
25 13 -2653.51056
26 13 997.262516
27 13 384.977462
28 13 -18183.6032
29 13 -9108.31895
30 13 15850.3008
31 13 -1231.77478
32 13 1324.46238
33 13 221.470832
34 13 -13673.2356
35 13 350.060553
36 13 6422.52912
1 14 -186.207121
2 14 -877.611497
3 14 142.640464
4 14 6970.96775
5 14 -10994.5569
6 14 433.191593
7 14 407.386962
8 14 -2277.36664
9 14 86.670345
10 14 25641.6543
11 14 -19360.1967
12 14 -2315.4011
13 14 -11672.3887
