# name: debug
# type: sparse matrix
# nnz: 1296
# rows: 36
# columns: 36

1 1 6982.1033
2 1 2682.68917
3 1 374.132286
4 1 31470.9787
5 1 43718.6721
6 1 -12814.6958
7 1 -2893.33931
8 1 -973.591702
9 1 518.098297
10 1 -6908.93016
11 1 -23858.2255
12 1 6600.5095
13 1 -449.892112
14 1 -186.207121
15 1 144.220517
16 1 -2616.46271
17 1 -5844.94426
18 1 1929.78984
19 1 -90.5808817
20 1 273.527694
21 1 56.1433297
22 1 -5059.30338
23 1 2060.77881
24 1 897.588242
25 1 -88.8459963
26 1 131.464517
27 1 22.8166691
28 1 -2520.86332
29 1 451.464485
30 1 647.934995
31 1 -57.0033401
32 1 65.4210811
33 1 43.3438861
34 1 -2712.27587
35 1 317.914164
36 1 251.633696
1 2 2682.68917
2 2 4180.40551
3 2 637.789585
4 2 -44040.081
5 2 53572.036
6 2 9866.54704
7 2 -1428.82179
8 2 -4316.43953
9 2 -219.657468
10 2 22074.2368
11 2 -35404.831
12 2 5264.56359
13 2 -249.019996
14 2 -877.611497
15 2 112.533625
16 2 5839.31332
17 2 -10662.8127
18 2 546.865834
19 2 308.603778
20 2 52.1519351
21 2 -73.437723
22 2 1965.42922
23 2 2092.25261
24 2 -2842.12449
25 2 181.54231
26 2 -111.196552
27 2 -50.2708725
28 2 2759.983
29 2 -238.099601
30 2 -2117.4004
31 2 60.5863691
32 2 -20.4758024
33 2 -18.0210208
34 2 935.624654
35 2 -4.12752694
36 2 -863.637905
1 3 374.132286
2 3 637.789585
3 3 2132.43898
4 3 -37358.969
5 3 6509.16291
6 3 6889.32581
7 3 507.979657
8 3 -296.185276
9 3 -1102.5558
10 3 9655.16279
11 3 -439.040201
12 3 -4111.57177
13 3 162.796058
14 3 142.640464
15 3 -164.622294
16 3 2661.18848
17 3 1361.30309
18 3 -1771.4283
19 3 2.52754527
20 3 -106.290042
21 3 -78.4036008
22 3 3480.65125
23 3 -1433.83138
24 3 172.835164
25 3 4.67995983
26 3 -45.0265492
27 3 -57.7470566
28 3 2018.20241
29 3 -939.176537
30 3 -195.201301
31 3 13.0683169
32 3 -29.5952473
33 3 -81.1399775
34 3 2651.8753
35 3 -844.609614
36 3 -103.217931
1 4 31470.9787
2 4 -44040.081
3 4 -37358.969
4 4 1709188.41
5 4 -229598.337
6 4 -29841.9494
7 4 -4688.5941
8 4 23804.2137
9 4 9369.02696
10 4 -413052.854
11 4 211035.545
12 4 -6610.96038
13 4 -1639.18033
14 4 6970.96775
15 4 2923.5777
16 4 -174147.24
17 4 68000.7284
18 4 9236.51453
19 4 -5042.67918
20 4 2364.10264
21 4 3836.17137
22 4 -179555.895
23 4 4275.46268
24 4 36293.7636
25 4 -3037.26764
26 4 2656.62846
27 4 2309.331
28 4 -107148.627
29 4 21907.1766
30 4 34364.0286
31 4 -2087.12223
32 4 1365.25135
33 4 2961.12266
34 4 -123115.851
35 4 16518.9871
36 4 17060.7128
1 5 43718.6721
2 5 53572.036
3 5 6509.16291
4 5 -229598.337
5 5 1432723.6
6 5 129034.245
7 5 -25709.3712
8 5 -33680.9549
9 5 63.4480666
10 5 171710.628
11 5 -700476.198
12 5 89823.1325
13 5 -7116.80951
14 5 -10994.5569
15 5 1580.47399
16 5 36187.0408
17 5 -203167.613
18 5 -9560.52719
19 5 2296.11086
20 5 2418.16652
21 5 -143.139938
22 5 -31560.2781
23 5 26558.1859
24 5 -20770.249
25 5 983.640611
26 5 -527.554102
27 5 -650.837093
28 5 18353.9045
29 5 -12563.1297
30 5 -22836.8754
31 5 -59.9653102
32 5 181.559265
33 5 132.417707
34 5 -17621.637
35 5 -4275.56669
36 5 -10361.8932
1 6 -12814.6958
2 6 9866.54704
3 6 6889.32581
4 6 -29841.9494
5 6 129034.245
6 6 544872.981
7 6 6858.90787
8 6 3693.73356
9 6 -3982.09458
10 6 11243.2629
11 6 89995.819
12 6 -207865.529
13 6 2111.40903
14 6 433.191593
15 6 -1257.16324
16 6 -4229.27246
17 6 -11286.6814
18 6 -64463.9982
19 6 667.295362
20 6 -2767.27934
21 6 676.335343
22 6 6605.44961
23 6 -14484.8768
24 6 -16753.0926
25 6 625.068061
26 6 -1570.96364
27 6 -75.3597049
28 6 17990.1902
29 6 -13236.9989
30 6 -18340.3254
31 6 49.3234708
32 6 -792.274768
33 6 471.468573
34 6 -5473.24836
35 6 -6845.13936
36 6 -8675.19362
1 7 -2893.33931
2 7 -1428.82179
3 7 507.979657
4 7 -4688.5941
5 7 -25709.3712
6 7 6858.90787
7 7 36861.8321
8 7 -56748.0341
9 7 -3982.13967
10 7 65031.4719
11 7 72505.039
12 7 -26830.4617
13 7 -1288.04117
14 7 407.386962
15 7 309.042002
16 7 -14108.1127
17 7 -8156.20701
18 7 7494.43016
19 7 -89.8224889
20 7 353.720695
21 7 57.3383876
22 7 -5908.06261
23 7 3015.38923
24 7 1113.98876
25 7 -347.417952
26 7 808.631668
27 7 92.2605252
28 7 -10563.6502
29 7 4644.59218
30 7 3265.87359
31 7 -96.1070839
32 7 194.371985
33 7 50.5722402
34 7 -4785.78266
35 7 1665.0411
36 7 1028.27011
1 8 -973.591702
2 8 -4316.43953
3 8 -296.185276
4 8 23804.2137
5 8 -33680.9549
6 8 3693.73356
7 8 -56748.0341
8 8 166264.319
9 8 1888.44408
10 8 -14433.9618
11 8 -7909.49238
12 8 -4653.80927
13 8 340.88036
14 8 -2277.36664
15 8 37.4883071
16 8 23473.0374
17 8 -18300.8825
18 8 -1825.87362
19 8 325.599236
20 8 -19.707408
21 8 -74.6983001
22 8 2800.48466
23 8 1506.2745
24 8 -3123.71805
25 8 900.807656
26 8 -838.390139
27 8 -138.156957
28 8 14282.947
29 8 -2042.46838
30 8 -8429.64456
31 8 167.906755
32 8 -86.293231
33 8 -40.7202129
34 8 2921.28469
35 8 -24.8457103
36 8 -2337.37265
1 9 518.098297
2 9 -219.657468
3 9 -1102.5558
4 9 9369.02696
5 9 63.4480666
6 9 -3982.09458
7 9 -3982.13967
8 9 1888.44408
9 9 3303.50702
10 9 -52614.9118
11 9 10016.6935
12 9 12947.1086
13 9 340.332272
14 9 86.670345
15 9 -213.174599
16 9 4344.92998
17 9 2514.69026
18 9 -3218.43232
19 9 -0.601697103
20 9 -128.15778
21 9 -81.6502414
22 9 3732.77344
23 9 -1802.17567
24 9 38.2927465
25 9 44.9672767
26 9 -163.560526
27 9 -63.8025428
28 9 3391.25147
29 9 -1838.68064
30 9 -600.236799
31 9 12.9133861
32 9 -65.6555802
33 9 -82.9690511
34 9 3144.27194
35 9 -1351.27252
36 9 -246.582573
1 10 -6908.93016
2 10 22074.2368
3 10 9655.16279
4 10 -413052.854
5 10 171710.628
6 10 11243.2629
7 10 65031.4719
8 10 -14433.9618
9 10 -52614.9118
10 10 2741129.78
11 10 -528300.649
12 10 -243653.851
13 10 -13749.0021
14 10 25641.6543
15 10 4854.7973
16 10 -481447.995
17 10 103316.485
18 10 36647.1618
19 10 -5137.60318
20 10 3956.22107
21 10 4013.47241
22 10 -193083.224
23 10 27184.4986
24 10 47194.9795
25 10 -12009.1526
26 10 15034.1885
27 10 3749.3335
28 10 -292021.423
29 10 79456.393
30 10 123584.587
31 10 -3985.04927
32 10 3928.85713
33 10 3452.03451
34 10 -179991.024
35 10 37942.4235
36 10 49872.8734
1 11 -23858.2255
2 11 -35404.831
3 11 -439.040201
4 11 211035.545
5 11 -700476.198
6 11 89995.819
7 11 72505.039
8 11 -7909.49238
9 11 10016.6935
10 11 -528300.649
11 11 1815155.69
12 11 225548.39
13 11 -9443.63935
14 11 -19360.1967
15 11 2523.94069
16 11 69502.8921
17 11 -335947.647
18 11 -11209.5217
19 11 2567.04289
20 11 2288.12711
21 11 -139.836634
22 11 -26962.9801
23 11 30072.575
24 11 -21807.1362
25 11 5863.31366
26 11 -2903.09254
27 11 -1184.73017
28 11 76450.9385
29 11 -2585.61814
30 11 -67377.477
31 11 1038.49424
32 11 487.711809
33 11 -96.9506338
34 11 -9805.98493
35 11 8302.87497
36 11 -23074.1044
1 12 6600.5095
2 12 5264.56359
3 12 -4111.57177
4 12 -6610.96038
5 12 89823.1325
6 12 -207865.529
7 12 -26830.4617
8 12 -4653.80927
9 12 12947.1086
10 12 -243653.851
11 12 225548.39
12 12 778980.786
13 12 8289.42666
14 12 -2315.4011
15 12 -2652.31117
16 12 18815.7363
17 12 -12174.1937
18 12 -158286.137
19 12 784.05658
20 12 -3706.93225
21 12 731.226797
22 12 19372.6533
23 12 -22912.0356
24 12 -16322.1131
25 12 3402.99274
26 12 -8172.55132
27 12 -677.89882
28 12 102723.089
29 12 -55822.5764
30 12 -48209.6484
31 12 754.552667
32 12 -2618.25361
33 12 406.447147
34 12 25151.5832
35 12 -23826.1518
36 12 -19905.9178
1 13 -449.892112
2 13 -249.019996
3 13 162.796058
4 13 -1639.18033
5 13 -7116.80951
6 13 2111.40903
7 13 -1288.04117
8 13 340.88036
9 13 340.332272
10 13 -13749.0021
11 13 -9443.63935
12 13 8289.42666
13 13 25180.0035
14 13 -11672.3887
15 13 -5514.79868
16 13 141412.81
17 13 72839.5661
18 13 -89223.0734
19 13 -6996.76007
20 13 4252.35575
21 13 854.94024
22 13 -42394.6016
23 13 -10942.473
24 13 25188.0791
25 13 -2653.51056
26 13 997.262516
27 13 384.977462
28 13 -18183.6032
29 13 -9108.31895
30 13 15850.3008
31 13 -1231.77478
32 13 1324.46238
33 13 221.470832
34 13 -13673.2356
35 13 350.060553
36 13 6422.52912
1 14 -186.207121
2 14 -877.611497
3 14 142.640464
4 14 6970.96775
5 14 -10994.5569
6 14 433.191593
7 14 407.386962
8 14 -2277.36664
9 14 86.670345
10 14 25641.6543
11 14 -19360.1967
12 14 -2315.4011
13 14 -11672.3887
14 14 40533.1912
15 14 2989.01299
16 14 -245086.244
17 14 183471.409
18 14 38994.9919
19 14 3364.56189
20 14 -11887.1438
21 14 -1232.87536
22 14 66963.1347
23 14 -43670.0441
24 14 -11392.7929
25 14 1772.68149
26 14 -6632.71456
27 14 -349.550504
28 14 49318.4236
29 14 -36232.38
30 14 -11028.97
31 14 1024.29744
32 14 -2068.65593
33 14 -244.358073
34 14 17916.1626
35 14 -10421.4943
36 14 -7507.53718
1 15 144.220517
2 15 112.533625
3 15 -164.622294
4 15 2923.5777
5 15 1580.47399
6 15 -1257.16324
7 15 309.042002
8 15 37.4883071
9 15 -213.174599
10 15 4854.7973
11 15 2523.94069
12 15 -2652.31117
13 15 -5514.79868
14 15 2989.01299
15 15 2702.51146
16 15 -52560.125
17 15 -7246.70605
18 15 26655.7325
19 15 1282.34016
20 15 -876.8179
21 15 -443.485274
22 15 11985.5936
23 15 -96.6403504
24 15 -8074.66414
25 15 465.118513
26 15 1.1283764
27 15 -191.122267
28 15 3718.36937
29 15 1817.2638
30 15 -3811.21101
31 15 231.487196
32 15 -297.509403
33 15 -182.855024
34 15 5935.62291
35 15 -2514.09033
36 15 -2732.08561
1 16 -2616.46271
2 16 5839.31332
3 16 2661.18848
4 16 -174147.24
5 16 36187.0408
6 16 -4229.27246
7 16 -14108.1127
8 16 23473.0374
9 16 4344.92998
10 16 -481447.995
11 16 69502.8921
12 16 18815.7363
13 16 141412.81
14 16 -245086.244
15 16 -52560.125
16 16 3267058.63
17 16 -1151298.49
18 16 -600765.533
19 16 -41264.9373
20 16 76502.7506
21 16 13038.9795
22 16 -723776.736
23 16 311426.384
24 16 239573.391
25 16 -22091.5231
26 16 46244.7489
27 16 5688.52139
28 16 -531979.456
29 16 277885.74
30 16 184922.502
31 16 -12537.0095
32 16 20863.8458
33 16 5991.33535
34 16 -447894.494
35 16 255244.791
36 16 139409.768
1 17 -5844.94426
2 17 -10662.8127
3 17 1361.30309
4 17 68000.7284
5 17 -203167.613
6 17 -11286.6814
7 17 -8156.20701
8 17 -18300.8825
9 17 2514.69026
10 17 103316.485
11 17 -335947.647
12 17 -12174.1937
13 17 72839.5661
14 17 183471.409
15 17 -7246.70605
16 17 -1151298.49
17 17 2811484.77
18 17 -71792.9342
19 17 -15159.9496
20 17 -47275.8713
21 17 -2097.99084
22 17 264025.284
23 17 -504843.16
24 17 -15686.2046
25 17 -4316.22381
26 17 -41402.4603
27 17 -478.464478
28 17 308424.638
29 17 -466004.6
30 17 14423.3257
31 17 -1254.25396
32 17 -10147.8786
33 17 -2060.94092
34 17 215799.218
35 17 -500391.949
36 17 45046.7859
1 18 1929.78984
2 18 546.865834
3 18 -1771.4283
4 18 9236.51453
5 18 -9560.52719
6 18 -64463.9982
7 18 7494.43016
8 18 -1825.87362
9 18 -3218.43232
10 18 36647.1618
11 18 -11209.5217
12 18 -158286.137
13 18 -89223.0734
14 18 38994.9919
15 18 26655.7325
16 18 -600765.533
17 18 -71792.9342
18 18 1133664.71
19 18 31058.7784
20 18 -21244.21
21 18 -7230.10812
22 18 270490.847
23 18 -40178.059
24 18 -257525.669
25 18 17154.644
26 18 -7612.78387
27 18 -3147.86117
28 18 151344.787
29 18 52135.5541
30 18 -173699.663
31 18 7515.48182
32 18 -10713.886
33 18 -2565.19986
34 18 136977.534
35 18 38005.8813
36 18 -180276.527
1 19 -90.5808817
2 19 308.603778
3 19 2.52754527
4 19 -5042.67918
5 19 2296.11086
6 19 667.295362
7 19 -89.8224889
8 19 325.599236
9 19 -0.601697103
10 19 -5137.60318
11 19 2567.04289
12 19 784.05658
13 19 -6996.76007
14 19 3364.56189
15 19 1282.34016
16 19 -41264.9373
17 19 -15159.9496
18 19 31058.7784
19 19 19547.1186
20 19 -1669.40225
21 19 -2604.72593
22 19 85715.0291
23 19 89466.6598
24 19 -58472.2598
25 19 -6145.65651
26 19 -3386.10355
27 19 992.263242
28 19 -7074.32682
29 19 -49469.1896
30 19 33869.7178
31 19 -5140.90741
32 19 -1682.60896
33 19 112.410755
34 19 -7142.56376
35 19 -34645.1221
36 19 2653.67776
1 20 273.527694
2 20 52.1519351
3 20 -106.290042
4 20 2364.10264
5 20 2418.16652
6 20 -2767.27934
7 20 353.720695
8 20 -19.707408
9 20 -128.15778
10 20 3956.22107
11 20 2288.12711
12 20 -3706.93225
13 20 4252.35575
14 20 -11887.1438
15 20 -876.8179
16 20 76502.7506
17 20 -47275.8713
18 20 -21244.21
19 20 -1669.40225
20 20 27803.7691
21 20 2149.48132
22 20 -159280.077
23 20 158677.329
24 20 7273.27768
25 20 -4205.07041
26 20 -10877.4472
27 20 668.149835
28 20 48263.4339
29 20 -87272.751
30 20 20947.4463
31 20 -1650.00597
32 20 -3960.9226
33 20 -1023.87586
34 20 26761.6081
35 20 -43408.6174
36 20 4813.02503
1 21 56.1433297
2 21 -73.437723
3 21 -78.4036008
4 21 3836.17137
5 21 -143.139938
6 21 676.335343
7 21 57.3383876
8 21 -74.6983001
9 21 -81.6502414
10 21 4013.47241
11 21 -139.836634
12 21 731.226797
13 21 854.94024
14 21 -1232.87536
15 21 -443.485274
16 21 13038.9795
17 21 -2097.99084
18 21 -7230.10812
19 21 -2604.72593
20 21 2149.48132
21 21 5422.35785
22 21 -53726.5901
23 21 7238.7039
24 21 16799.7313
25 21 965.605504
26 21 416.980251
27 21 -275.624971
28 21 3384.69842
29 21 6067.39659
30 21 -7275.24806
31 21 128.706687
32 21 -997.905318
33 21 -4182.70351
34 21 19602.9207
35 21 -10301.8211
36 21 -5110.36765
1 22 -5059.30338
2 22 1965.42922
3 22 3480.65125
4 22 -179555.895
5 22 -31560.2781
6 22 6605.44961
7 22 -5908.06261
8 22 2800.48466
9 22 3732.77344
10 22 -193083.224
11 22 -26962.9801
12 22 19372.6533
13 22 -42394.6016
14 22 66963.1347
15 22 11985.5936
16 22 -723776.736
17 22 264025.284
18 22 270490.847
19 22 85715.0291
20 22 -159280.077
21 22 -53726.5901
22 22 2349808.34
23 22 -779804.501
24 22 -298372.813
25 22 -1696.16982
26 22 47984.0338
27 22 2245.02361
28 22 -397844.224
29 22 368645.057
30 22 43834.6469
31 22 -7579.66157
32 22 26314.7174
33 22 19566.1939
34 22 -403084.725
35 22 282233.199
36 22 30283.6177
1 23 2060.77881
2 23 2092.25261
3 23 -1433.83138
4 23 4275.46268
5 23 26558.1859
6 23 -14484.8768
7 23 3015.38923
8 23 1506.2745
9 23 -1802.17567
10 23 27184.4986
11 23 30072.575
12 23 -22912.0356
13 23 -10942.473
14 23 -43670.0441
15 23 -96.6403504
16 23 311426.384
17 23 -504843.16
18 23 -40178.059
19 23 89466.6598
20 23 158677.329
21 23 7238.7039
22 23 -779804.501
23 23 2041515.41
24 23 -105247.042
25 23 -50353.2473
26 23 -77055.6236
27 23 7303.38819
28 23 305332.897
29 23 -875152.739
30 23 256129.661
31 23 -34438.6491
32 23 -43843.9616
33 23 -10544.8147
34 23 294612.418
35 23 -696645.14
36 23 45939.147
1 24 897.588242
2 24 -2842.12449
3 24 172.835164
4 24 36293.7636
5 24 -20770.249
6 24 -16753.0926
7 24 1113.98876
8 24 -3123.71805
9 24 38.2927465
10 24 47194.9795
11 24 -21807.1362
12 24 -16322.1131
13 24 25188.0791
14 24 -11392.7929
15 24 -8074.66414
16 24 239573.391
17 24 -15686.2046
18 24 -257525.669
19 24 -58472.2598
20 24 7273.27768
21 24 16799.7313
22 24 -298372.813
23 24 -105247.042
24 24 793695.074
25 24 30798.9284
26 24 14915.5249
27 24 -6372.47906
28 24 57980.4666
29 24 228765.68
30 24 -243405.995
31 24 2840.21082
32 24 4776.27551
33 24 -5366.91564
34 24 34889.5117
35 24 43925.7297
36 24 -184628.842
1 25 -88.8459963
2 25 181.54231
3 25 4.67995983
4 25 -3037.26764
5 25 983.640611
6 25 625.068061
7 25 -347.417952
8 25 900.807656
9 25 44.9672767
10 25 -12009.1526
11 25 5863.31366
12 25 3402.99274
13 25 -2653.51056
14 25 1772.68149
15 25 465.118513
16 25 -22091.5231
17 25 -4316.22381
18 25 17154.644
19 25 -6145.65651
20 25 -4205.07041
21 25 965.605504
22 25 -1696.16982
23 25 -50353.2473
24 25 30798.9284
25 25 15085.6187
26 25 -913.376506
27 25 -1790.0939
28 25 76753.497
29 25 78524.2916
30 25 -71542.4532
31 25 -4941.18554
32 25 967.476835
33 25 73.1452001
34 25 -14551.1794
35 25 -26343.7641
36 25 15518.592
1 26 131.464517
2 26 -111.196552
3 26 -45.0265492
4 26 2656.62846
5 26 -527.554102
6 26 -1570.96364
7 26 808.631668
8 26 -838.390139
9 26 -163.560526
10 26 15034.1885
11 26 -2903.09254
12 26 -8172.55132
13 26 997.262516
14 26 -6632.71456
15 26 1.1283764
16 26 46244.7489
17 26 -41402.4603
18 26 -7612.78387
19 26 -3386.10355
20 26 -10877.4472
21 26 416.980251
22 26 47984.0338
23 26 -77055.6236
24 26 14915.5249
25 26 -913.376506
26 26 25565.8658
27 26 44.1241488
28 26 -171111.223
29 26 166325.213
30 26 3815.5293
31 26 1328.90722
32 26 -5478.62258
33 26 -3.93305317
34 26 34519.4799
35 26 -31765.0906
36 26 3789.86572
1 27 22.8166691
2 27 -50.2708725
3 27 -57.7470566
4 27 2309.331
5 27 -650.837093
6 27 -75.3597049
7 27 92.2605252
8 27 -138.156957
9 27 -63.8025428
10 27 3749.3335
11 27 -1184.73017
12 27 -677.89882
13 27 384.977462
14 27 -349.550504
15 27 -191.122267
16 27 5688.52139
17 27 -478.464478
18 27 -3147.86117
19 27 992.263242
20 27 668.149835
21 27 -275.624971
22 27 2245.02361
23 27 7303.38819
24 27 -6372.47906
25 27 -1790.0939
26 27 44.1241488
27 27 1161.7193
28 27 -26393.1675
29 27 -4763.37811
30 27 13660.3733
31 27 95.0750604
32 27 120.798703
33 27 -286.310571
34 27 1803.18875
35 27 2177.47272
36 27 -2846.60047
1 28 -2520.86332
2 28 2759.983
3 28 2018.20241
4 28 -107148.627
5 28 18353.9045
6 28 17990.1902
7 28 -10563.6502
8 28 14282.947
9 28 3391.25147
10 28 -292021.423
11 28 76450.9385
12 28 102723.089
13 28 -18183.6032
14 28 49318.4236
15 28 3718.36937
16 28 -531979.456
17 28 308424.638
18 28 151344.787
19 28 -7074.32682
20 28 48263.4339
21 28 3384.69842
22 28 -397844.224
23 28 305332.897
24 28 57980.4666
25 28 76753.497
26 28 -171111.223
27 28 -26393.1675
28 28 2380591.04
29 28 -1054142.35
30 28 -458043.069
31 28 -20047.0135
32 28 35155.3464
33 28 2415.48457
34 28 -436211.981
35 28 234714.694
36 28 83483.2668
1 29 451.464485
2 29 -238.099601
3 29 -939.176537
4 29 21907.1766
5 29 -12563.1297
6 29 -13236.9989
7 29 4644.59218
8 29 -2042.46838
9 29 -1838.68064
10 29 79456.393
11 29 -2585.61814
12 29 -55822.5764
13 29 -9108.31895
14 29 -36232.38
15 29 1817.2638
16 29 277885.74
17 29 -466004.6
18 29 52135.5541
19 29 -49469.1896
20 29 -87272.751
21 29 6067.39659
22 29 368645.057
23 29 -875152.739
24 29 228765.68
25 29 78524.2916
26 29 166325.213
27 29 -4763.37811
28 29 -1054142.35
29 29 2224070.49
30 29 -302812.022
31 29 -24461.2485
32 29 -36694.2153
33 29 1001.12134
34 29 297048.13
35 29 -685370.241
36 29 166217.777
1 30 647.934995
2 30 -2117.4004
3 30 -195.201301
4 30 34364.0286
5 30 -22836.8754
6 30 -18340.3254
7 30 3265.87359
8 30 -8429.64456
9 30 -600.236799
10 30 123584.587
11 30 -67377.477
12 30 -48209.6484
13 30 15850.3008
14 30 -11028.97
15 30 -3811.21101
16 30 184922.502
17 30 14423.3257
18 30 -173699.663
19 30 33869.7178
20 30 20947.4463
21 30 -7275.24806
22 30 43834.6469
23 30 256129.661
24 30 -243405.995
25 30 -71542.4532
26 30 3815.5293
27 30 13660.3733
28 30 -458043.069
29 30 -302812.022
30 30 782243.38
31 30 18212.6433
32 30 5322.34196
33 30 -3189.46594
34 30 78767.1373
35 30 184124.952
36 30 -197077.173
1 31 -57.0033401
2 31 60.5863691
3 31 13.0683169
4 31 -2087.12223
5 31 -59.9653102
6 31 49.3234708
7 31 -96.1070839
8 31 167.906755
9 31 12.9133861
10 31 -3985.04927
11 31 1038.49424
12 31 754.552667
13 31 -1231.77478
14 31 1024.29744
15 31 231.487196
16 31 -12537.0095
17 31 -1254.25396
18 31 7515.48182
19 31 -5140.90741
20 31 -1650.00597
21 31 128.706687
22 31 -7579.66157
23 31 -34438.6491
24 31 2840.21082
25 31 -4941.18554
26 31 1328.90722
27 31 95.0750604
28 31 -20047.0135
29 31 -24461.2485
30 31 18212.6433
31 31 13462.003
32 31 -3066.77114
33 31 -957.667445
34 31 72030.1197
35 31 57724.1423
36 31 -29008.9869
1 32 65.4210811
2 32 -20.4758024
3 32 -29.5952473
4 32 1365.25135
5 32 181.559265
6 32 -792.274768
7 32 194.371985
8 32 -86.293231
9 32 -65.6555802
10 32 3928.85713
11 32 487.711809
12 32 -2618.25361
13 32 1324.46238
14 32 -2068.65593
15 32 -297.509403
16 32 20863.8458
17 32 -10147.8786
18 32 -10713.886
19 32 -1682.60896
20 32 -3960.9226
21 32 -997.905318
22 32 26314.7174
23 32 -43843.9616
24 32 4776.27551
25 32 967.476835
26 32 -5478.62258
27 32 120.798703
28 32 35155.3464
29 32 -36694.2153
30 32 5322.34196
31 32 -3066.77114
32 32 14101.0505
33 32 1717.16315
34 32 -105913.571
35 32 88445.553
36 32 13681.6267
1 33 43.3438861
2 33 -18.0210208
3 33 -81.1399775
4 33 2961.12266
5 33 132.417707
6 33 471.468573
7 33 50.5722402
8 33 -40.7202129
9 33 -82.9690511
10 33 3452.03451
11 33 -96.9506338
12 33 406.447147
13 33 221.470832
14 33 -244.358073
15 33 -182.855024
16 33 5991.33535
17 33 -2060.94092
18 33 -2565.19986
19 33 112.410755
20 33 -1023.87586
21 33 -4182.70351
22 33 19566.1939
23 33 -10544.8147
24 33 -5366.91564
25 33 73.1452001
26 33 -3.93305317
27 33 -286.310571
28 33 2415.48457
29 33 1001.12134
30 33 -3189.46594
31 33 -957.667445
32 33 1717.16315
33 33 5107.84317
34 33 -45864.6916
35 33 13191.1402
36 33 9553.90469
1 34 -2712.27587
2 34 935.624654
3 34 2651.8753
4 34 -123115.851
5 34 -17621.637
6 34 -5473.24836
7 34 -4785.78266
8 34 2921.28469
9 34 3144.27194
10 34 -179991.024
11 34 -9805.98493
12 34 25151.5832
13 34 -13673.2356
14 34 17916.1626
15 34 5935.62291
16 34 -447894.494
17 34 215799.218
18 34 136977.534
19 34 -7142.56376
20 34 26761.6081
21 34 19602.9207
22 34 -403084.725
23 34 294612.418
24 34 34889.5117
25 34 -14551.1794
26 34 34519.4799
27 34 1803.18875
28 34 -436211.981
29 34 297048.13
30 34 78767.1373
31 34 72030.1197
32 34 -105913.571
33 34 -45864.6916
34 34 2130526.36
35 34 -745240.306
36 34 -278886.791
1 35 317.914164
2 35 -4.12752694
3 35 -844.609614
4 35 16518.9871
5 35 -4275.56669
6 35 -6845.13936
7 35 1665.0411
8 35 -24.8457103
9 35 -1351.27252
10 35 37942.4235
11 35 8302.87497
12 35 -23826.1518
13 35 350.060553
14 35 -10421.4943
15 35 -2514.09033
16 35 255244.791
17 35 -500391.949
18 35 38005.8813
19 35 -34645.1221
20 35 -43408.6174
21 35 -10301.8211
22 35 282233.199
23 35 -696645.14
24 35 43925.7297
25 35 -26343.7641
26 35 -31765.0906
27 35 2177.47272
28 35 234714.694
29 35 -685370.241
30 35 184124.952
31 35 57724.1423
32 35 88445.553
33 35 13191.1402
34 35 -745240.306
35 35 1897850.74
36 35 -116867.05
1 36 251.633696
2 36 -863.637905
3 36 -103.217931
4 36 17060.7128
5 36 -10361.8932
6 36 -8675.19362
7 36 1028.27011
8 36 -2337.37265
9 36 -246.582573
10 36 49872.8734
11 36 -23074.1044
12 36 -19905.9178
13 36 6422.52912
14 36 -7507.53718
15 36 -2732.08561
16 36 139409.768
17 36 45046.7859
18 36 -180276.527
19 36 2653.67776
20 36 4813.02503
21 36 -5110.36765
22 36 30283.6177
23 36 45939.147
24 36 -184628.842
25 36 15518.592
26 36 3789.86572
27 36 -2846.60047
28 36 83483.2668
29 36 166217.777
30 36 -197077.173
31 36 -29008.9869
32 36 13681.6267
33 36 9553.90469
34 36 -278886.791
35 36 -116867.05
36 36 689868.656
